Time Replies Retweets Likes
20200526121753 0 0 0
20200526121758 3 3 1
20200526121759 4 3 1
20200526121800 5 3 1
20200526182648 18736 21342 76133
20200526214518 22295 24523 87215
20200526215533 22669 24759 87966
20200526220833 23274 25056 88917
20200526221723 23857 25291 89632
20200526231210 27492 26981 94561
20200526232902 28498 27455 96033
20200526234515 29309 27913 97363
20200527011816 32891 30419 104556
20200527030209 35440 32299 110707
20200527033910 36104 32710 112404
20200527044516 36935 33400 114533
20200527051039 37178 33612 115152
20200527051412 37212 33639 115217
20200527060416 37565 33958 116127
20200527061017 37600 33988 116225
20200527074727 38079 34370 117614
20200527101606 38677 34838 119239
20200527102228 38703 34864 119325
20200527102701 38718 34881 119387
20200527121812 39429 35442 121303
20200527124627 39636 35578 121766
20200527133756 39987 35841 122656
20200527192909 41857 36968 126408
20200528064927 43233 38170 130324
20200528070633 43243 38182 130362
20200528083626 43284 38225 130560
20200528115005 43395 38308 130976
20200528115146 43395 38309 130980
20200528125730 43424 38364 131162
20200528132629 43465 38385 131246
20200528133912 43478 38398 131294
20200528182127 43755 38617 132032
20200528211436 43905 38732 132399
20200528213623 43925 38740 132429
20200529001920 44071 38807 132707
20200529045941 44221 38912 133132
20200529105541 44285 38974 133354
20200529122112 44302 38990 133448
20200529143101 44310 39008 133592
20200529203456 44368 39029 133787
20200530045531 44410 39035 133843
20200530051632 44410 39055 133874
20200530051828 44406 39039 133850
20200530061053 44409 39045 133841
20200530073138 44410 39045 133863
20200530162341 44431 39049 133926
20200530172205 44442 39056 133962
20200530180127 44443 39057 133969
20200530182213 44446 39056 133942
20200531033453 44473 39057 133970
20200531075002 44477 39064 133965
20200531082431 44479 39060 133968
20200531114252 44475 39052 133950
20200531133037 44476 39052 133982
20200531133613 44470 39052 133980
20200531141233 44473 39048 133993
20200531182017 44476 39060 133994
20200531201610 44475 39056 134022
20200531222151 44474 39056 134042
20200601010843 44477 39059 134021
20200601152449 44475 39055 134009
20200601170128 44478 39059 133999
20200602031224 44476 39035 133944
20200602065554 44480 39030 133948
20200602152830 44477 39013 133911
20200603034454 44475 39066 133899
20200603075219 44468 39056 133835
20200603184244 44469 39052 133839
20200603192532 44472 39051 133801
20200603193607 44472 39051 133801
20200603213234 44479 39053 133840
20200604081033 44499 39056 133772
20200604173000 44509 39043 133755
20200604202808 44504 39044 133750
20200604210245 44505 39045 133762
20200605051521 44499 39038 133665
20200605112059 44497 39021 133629
20200605153306 44497 39020 133624
20200605164952 44495 39024 133624
20200605221302 44502 39010 133583
20200606005932 44500 39015 133617
20200606050004 44498 39011 133566
20200606230043 44488 38990 133504
20200607032410 44485 38977 133497
20200607041518 44485 38978 133509
20200607051647 44485 38979 133469
20200607234705 44475 38971 133415
20200608055921 44469 38963 133383
20200609011533 44461 38943 133344
20200609073254 44463 38940 133289
20200610002347 44461 38923 133215
20200610072400 44458 38918 133171
20200610130403 44453 38916 133170
20200610144449 44454 38917 133169
20200611003719 44450 38899 133138
20200611011633 44450 38900 133141
20200611094315 44446 38899 133077
20200611161452 44448 38894 133074
20200612011049 44451 38900 133054
20200612024724 44450 38894 133042
20200612032124 44450 38897 133051
20200612130628 44447 38891 133046
20200613070647 44444 38873 132965
20200613111151 44443 38867 132939
20200614110717 44438 38868 132882
20200614174817 44435 38875 132892
20200615042907 44430 38868 132865
20200615121024 44429 38861 132829
20200615151554 44431 38865 132836
20200616134104 44424 38828 132701
20200616165004 44424 38825 132690
20200617084704 44420 38791 132634
20200617144028 44416 38785 132574
20200618111836 44417 38800 132537
20200618165025 44415 38801 132577
20200618171809 44415 38800 132531
20200618175036 44414 38800 132500
20200619002135 44413 38783 132459
20200619091745 44413 38786 132433
20200619134221 44413 38784 132433
20200619203805 44410 38776 132403
20200620150014 44409 38786 132328
20200620164112 44407 38789 132344
20200620184231 44407 38792 132339
20200621011926 44405 38797 132347
20200621162548 44404 38793 132275
20200621174241 44403 38791 132288
20200622160323 44399 38838 132247
20200622185531 44397 38833 132234
20200623201907 44392 38789 132135
20200624175540 44393 38776 131967
20200624222921 44392 38770 131975
20200625232241 44385 38762 131833
20200626095527 44377 38762 131755
20200626233657 44371 38771 131746
20200627205422 44348 38734 131670
20200628064224 44330 38760 131610
20200628171621 44323 38741 131746
20200629061541 44299 38756 131543
20200629144202 44292 38750 131586
20200630072322 44269 38737 131383
20200630131003 44269 38731 131359
20200630204630 44257 38725 131349
20200701023254 44241 38722 131419
20200702053717 44221 38689 131247
20200702231703 44199 38670 131312
20200703002100 44196 38662 131229
20200703024159 44194 38661 131305
20200704052853 44159 38639 131177
20200708101939 44068 38528 130920
20200709035254 44061 38500 130891
20200710123418 44047 38463 130792
20200710183258 44041 38462 130878
20200711035605 44034 38451 130750
20200714212130 44000 38344 130676
20200716121713 43980 38309 130466
20200717051749 43967 38300 130486
20200719011103 43949 38266 130401
20200721053020 43918 38238 130248
20200721162907 43914 38224 130215
20200722184709 43900 38168 130123
20200722224144 43898 38163 130085
20200723103213 43897 38121 130026
20200723201826 43890 38126 130032
20200724170933 43880 38109 129996
20200725064832 43862 38071 129961
20200725160451 43855 38068 129955
20200726034006 43846 38059 129981
20200726173431 43834 38052 129939
20200727201544 43828 38014 129877
20200728161147 43817 38004 129880
20200728221404 43814 37997 129861
20200729234654 43800 37956 129789
20200730190416 43838 37935 129741
20200730215744 43848 37934 129745
20200731140300 43842 37927 129705
20200801015951 43835 37920 129704
20200801064818 43834 37911 129693
20200801220050 43832 37907 129703
20200802023628 43831 37895 129685
20200802134316 43831 37897 129655
20200804114835 43811 37878 129595
20200804235204 43801 37873 129599
20200805161056 43798 37866 129589
20200806023157 43797 37859 129580
20200806094606 43796 37858 129552
20200806143920 43796 37857 129548
20200807094153 43794 37778 129399
20200807112418 43794 37786 129402
20200807160415 43792 37817 129446
20200808222131 43770 37628 128905
20200809013236 43770 37512 128840
20200809103659 43769 37402 128492
20200809112945 43769 37407 128510
20200809201034 43765 37494 128664
20200810171753 43758 37523 128711
20200810220230 43755 37528 128717
20200810220230 43755 37528 128717
20200811192339 43745 37490 128664
20200811192339 43745 37490 128664
20200811202928 43745 37492 128676
20200811202928 43745 37492 128676
20200812234353 43735 37491 128669
20200812234353 43735 37491 128669
20200814075653 43717 37455 128545
20200814075653 43717 37455 128545
20200814141624 43714 37456 128548
20200814141624 43714 37456 128548
20200814204513 43713 37457 128551
20200814204513 43713 37457 128551
20200814220857 43713 37461 128537
20200814220857 43713 37461 128537
20200815153005 43696 37443 128515
20200815153005 43696 37443 128515
20200817001550 43672 37424 128445
20200817001550 43672 37424 128445
20200817202849 43661 37408 128419
20200817202849 43661 37408 128419
20200818001524 43663 37404 128406
20200818001524 43663 37404 128406
20200818084035 43661 37386 128362
20200818084035 43661 37386 128362
20200818200024 43659 37401 128367
20200818200024 43659 37401 128367
20200819142303 43651 37375 128312
20200819142303 43651 37375 128312
20200820112228 43639 37348 128266
20200820151524 43635 37352 128275
20200821123118 43624 37239 128175
20200821221623 43598 37239 128127
20200822044100 43595 37230 128121
20200824075208 43583 37182 128035
20200824122726 43582 37183 128041
20200825004805 43580 37176 128030
20200826041202 43566 37162 127991
20200826162616
20200827072551
20200829095734
20200830060953
20200830114058
20200831080042
20200902233223
20200905134739
20200905144001
20200906163055
20200908004937
20200908162110
20200909025945 43503 36910 127231
20200909105244 43501 36899 127225
20200910030239 43494 36901 127184
20200911051618 43483 36892 127176
20200912035306 43478 36893 127149
20200913054758 43471 36881 127110
20200914073153 43468 36871 127071
20200915081552 43463 36848 127023
20200918031352 43442 36776 126850
20200920072617 43430 36744 126771
20200924170324 43419 36708 126581
20200925235146 43397 36653 126223
20200927031253 43380 36618 126210
20200928035203 43371 36592 126095
20200929063441 43364 36577 126037
20200930005429 43357 36564 126003
20201001185537 43344 36561 125877
20201002091329 43347 36518 125777
20201003023915 43335 36485 126031
20201004013241 43324 36473 125812
20201007151449 43297 36225 125417
20201007181759 43294 36173 125405 
 
