Time Replies Retweets Likes
20200917113618 0 0 0
20200917152351 9818 11467 34596
20200918013357 15599 16969 50064
20200918031111 15902 17213 50815
20200918033231 15950 17255 50959
20200918055901 16178 17444 51531
20200918071859 16220 17490 51686
20200919023210 16565 17965 53308
20200919050113 16576 17995 53400
20200919074510 16584 18010 53470
20200919152621 16582 18064 53641
20200920035540 16600 18116 53874
20200920092557 16602 18132 53914
20200920095020 16602 18130 53917
20200920095020 16602 18130 53917
20200920171641 16612 18166 54037
20200920181325 16612 18178 54032
20200920220019 16615 18186 54076
20200922111050 16636 18199 54178
20200922111050 16636 18199 54178
20200922224916 16644 18203 54184
20200923005729 16646 18203 54198
20200923082454 16649 18198 54199
20200923114944 16649 18196 54196
20200923114944 16649 18196 54196
20200924003124 16652 18110 54014
20200924004634 16652 18112 54014
20200924004634 16652 18112 54014
20200924061803 16655 18220 54060
20200925014036 16656 18174 54017
20200925014244 16656 18174 54017
20200925014244 16656 18174 54017
20200925052559 16651 18175 54005
20200926033525 16653 18169 53967
20200926071122 16651 18166 53965
20200926080100 16651 18166 53967
20200926221721 16645 18162 53948
20200927043204 16644 18161 53936
20200928050238 16643 18147 53914
20200929052753 16636 18137 53869
20200929073642 16635 18138 53871
20201001105952 16633 18113 53741
20201007190744 16605 17901 53396
20201008220635 16603 17928 53248
