1000699344
10012122
1011406980
1012006255
1021216905795899392
102751077
10292132
103439059
104299137
104567779
1045751
104683173
105393023
105530526
10640322
10696392
1073588049588772864
107448541
108155579
108740292
109456108
1106501
111110077
11134252
111736078
112047805
113064158
113364160
114075165
115979444
11611052
1161124634
116637869
117341432
1175221
11783502
117839245
1180598700
11856892
1188224748494434304
119252795
1194200606
119829799
12120112
121540651
121639467
121830919
1219579814
122174004
122226401
122533830
123560362
123745861
12387972
124121096
1242525277
125358141
126424795
12685742
12699932
12759
12837932
12859772
129485874
129905901
130549887
13115682
13162152
13168412
132207470
133052366
133990365
134459364
1346178044
134758540
1356091932
135676285
13594462
136014982
136131338
136550204
1367531
137474821
13748562
1384447646
13850422
139897603
14038942
140586054
14085040
140928543
14114324
14120481
14165980
14179819
14215322
142353695
14245378
14247236
14251225
14268812
14298769
14304620
143142203
14335435
143391391
14345503
14357989
14410652
144285482
14486811
14515799
145728164
14590764
1462429746
14649205
14662354
14676345
14688489
14764714
148062893
1487846678
149013351
14957147
14973915
14982315
15075999
15108422
15113571
1512021254
15137706
15141586
15175557
15192339
1521208898
15243812
1525694971
15369276
15370019
15445129
15466988
155169386
15535306
155736983
15581283
15584149
15608555
1561513992
156464691
15667291
1571428436
15724740
15726324
15751676
15753498
15755669
15769264
15791186
15823588
158426909
15850242
158890005
15907986
15914429
15928168
15950681
159655293
16031927
16074627
16106522
16113700
16116288
161163311
161456486
16162149
16172991
16184358
16216973
16223317
16232843
162427574
16245840
16249259
16259251
16291449
16311530
16331010
16331756
16334281
16337264
163550916
1640603341
16411851
16415242
16467567
164679813
164929952
16513335
16514160
1651522832
16519049
16543775
16594832
166168978
166699198
16676396
16724890
16743886
168470806
16850409
16855888
168828976
168955416
16930125
16981579
16986563
17005368
17050431
17056433
17068146
17068347
17091068
171001540
1715491748
17173775
17214331
1721873689
17243077
17272735
17277651
17349381
17387823
173925279
17393115
17394696
173951950
174144887
17423554
17442710
17443698
174511884
17477864
17479016
17524863
17537467
17546958
17602348
17637692
176388969
17667742
17672775
177584156
177694689
17799686
17847906
17870319
17914494
179186857
18016521
18028431
18058741
18089606
18108585
18124790
18154797
18175161
18193312
18205191
18247062
18247597
182503471
18409210
184128260
18438933
18457416
18464266
18546782
18681619
18686907
18720099
18742360
18754244
18766459
18791654
18825339
18903194
18913236
18950712
18956073
18963809
18982396
19002826
190063585
19009399
19050000
19068885
19075796
19084628
191434404
191504048
19185005
191891492
19195094
19236297
192589318
19317991
19329306
193353562
19341389
194168215
19416833
19417492
19418649
1941869587
19428464
19455864
19553409
195914313
19608297
196168350
19621110
19629840
19637934
198317044
198603631
19865053
19877186
198831293
19988458
20095747
20118767
20182089
20199542
20225875
202674661
203333954
203777000
20510157
20658469
20744078
208039932
20882981
20926802
20940614
20946303
20990445
21083568
21148293
21150267
211785295
21252618
212674482
21293089
21296049
21299233
21303464
21322255
21333396
21382697
21390987
21435658
21445143
21457504
21538116
21560097
21625310
216495966
21694845
21701757
21735063
2176138431
21817105
21891305
218975278
219011705
21938901
21982720
2201169726
22013225
22020614
220367244
2208027565
22203756
22205213
22211830
222185665
2228816504
22302678
223591848
2240756971
224311355
224320485
22470467
22496967
22523741
226004652
22677427
227373977
227837742
22812754
2282389130
22869693
22919204
22950604
23011527
23103351
232681242
2330415198
233579371
23377569
23441725
2353605901
23545095
23579851
23610532
2363290915
236466134
236610403
23697509
237241738
237562389
23852317
238854978
2400973298
240649814
2415053456
241808573
2421756620
24237542
24263424
242651047
24274741
243875709
24403379
24412566
244318563
245424983
24552923
246103
246357149
246500501
24674124
2467720274
247049916
2471003468
247363462
248104475
2482278559
24877017
24905550
25073877
251232208
25140154
25160172
25216470
252679436
252711040
25322167
25360971
25422302
25444905
25465083
25684077
25701904
25893353
25910700
25911963
2598925021
26020465
26339945
26340080
263473924
26465563
26487169
26513255
267315054
267433110
26947623
269581619
27078238
27112844
27386099
2768501
277124730
27740155
27741349
277618799
27792033
27895304
27920568
27973524
2800581040
28059888
28109359
282695161
2827377226
28314751
283258239
2833177377
283373173
28429455
2842954795
286506215
286871259
28804988
2882601265
288363743
28846008
2889924959
289317776
29008249
290375334
2905747363
2910374618
292370203
29296415
2930288011
293786612
2942226411
2943463768
29580609
297053549
298314307
299273962
299388047
300246481
30054059
30289355
30451813
3048946786
3056391
3056746427
3060489838
306097862
306435370
31142666
311989458
31323375
314149528
3144844312
31464977
316700142
317291424
31801993
3185520522
319689712
3221357514
32223714
3228821009
323985136
324703658
324962560
32545745
325770557
32805493
32871086
3288091105
3308365631
3309943254
3319452519
33256849
332617373
33506592
3353220134
33545237
33938700
33985172
34080203
341194704
3421859932
342452431
3430882365
343372095
343546609
343840835
34640004
34641036
346720096
34704894
349249475
3535127235
355574901
355591226
356929299
35785401
36058478
361342191
363022285
366218781
36870351
369278149
37028174
376267732
376862660
378259736
37987782
381078471
38285038
38445467
384471964
38465537
38477209
38532589
38687143
389060072
390557445
394329998
394838637
397689316
398036662
39854753
39859913
3995778614
40105598
40145940
40532397
40604613
40627145
407396556
40769714
407781903
40813384
408467423
415322957
4180072252
41925129
420351046
423036151
424397598
42692687
42887383
43078558
43180237
4334981
43409523
435167929
435284064
436925910
44025543
44488446
44516935
44744930
4484115214
450941680
45176933
45190383
456729830
45901207
46254080
46436729
466884343
467726691
47049617
47436923
475294870
47785664
47983418
48012011
48029066
4832871
48581849
48906364
489475164
4895651115
494271814
49463843
49698134
498982321
506707631
506708954
50684256
51241418
52085270
52176409
52573702
52751069
52944689
53130511
53606937
54066216
54622050
546383985
549894809
555751453
56413858
5641582
564673621
56495963
56737658
5715752
5820642
584378476
58502462
58504135
58601435
58751559
588587397
58885802
59241059
592844349
5931862
59917627
599377549
600505692
60113766
605556917
6092972
61135090
6114542
611953
6134882
61734492
63095746
64033924
64088396
64179075
65026647
65537597
65946380
66146362
66754444
66884558
6751172
67653749
67827694
68739089
68796392
68837355
68927629
69232915
6927562
69329527
69671781
69897750
7039122
70797522
713839291210792960
72077738
72778798
729676086632656900
73238146
7395552
73971750
742453163098296320
743741660
74382140
74418756
74692745
755835576
759692754985242625
762522504
763991732698554368
770426549665341440
772004996
7744592
78116670
782806500
79031518
798849
80185804
80230154
807081251060543488
808120406
811377
813311743
816066355
816652616625168388
819463
82130622
823367015830323201
82643763
82689705
83638901
8402772
84113155
846899281806082053
8522892
856586640
85881608
85896319
86002394
86177206
8731312
8792192
884875472
88546039
89207192
8935172
8953122
89887215
90573676
91430932
91623824
9245812
92677101
9300262
93069110
9335362
94301620
94534362
95072551
9567972
962333706
9633802
9687752
979196808537653248
981802260
98992586
user_id
