1009584729484644400
1011574790044438500
1011944038503714800
1011986248100204500
1012422931799072800
1016148066850648000
101873360
1026213183768457200
1026401043654041600
1027916385534521300
1030103437764046800
10323562
103554714
1035898004610240500
1037465012
1040707285218205700
1043297017802498000
1045458519627980800
1049079666793963500
1051830637169176600
1052046386894659600
1058444821638144000
1064591528578887700
1064896851864952800
1067205802807709700
1070522825646063600
1073047860260814800
1074238095120351200
1078280605375160300
1079491621073358800
1083719810704437200
1090019904
1091009804036907000
109974187
1101202791991832600
1103954112
1116138112147759100
1116370314
1120670870807154700
1126679372985802800
1126901399563001900
1132053474353528800
1133697476286980100
1134928442347143200
1138147814075187200
1146384218840170500
1150196778211455000
1152821365461962800
1155263901820473300
1159222993932996600
1159867671405633500
1160263417095184400
1161672024114094000
1169414103929983000
1170358968159547400
1176531217715515400
1179923047
1188064707099402200
1191453756
1192425871027531800
1192991151336198100
1194416480298909700
1195642746264051700
1201545483401015300
1205155565971951600
1206227149
1206245666575569000
1208450616013406200
1209053997543260200
1209951777740607500
1210807863838273500
1213310625616519200
1214836734
1218195550660702200
1219949871026856000
1220121733237301200
1221652610828198000
1231461024630329300
1232044451020886000
1233834774843809800
1238105143708508200
1238630442770849800
1238802256511643600
1239005920970989600
1239307335664840700
123975474
1242657264324001800
1244687015653732400
1244809118306705400
1244951929723269000
1246704407900815400
1247140824002879500
1247989641795571700
1249111945141080000
1249310397062099000
1249851094362198000
1250592893699371000
1252405174481686500
1253092919730413600
1254065975495884800
1256382167652982800
1257386194209554400
1263105171128750000
1263559454274003000
1263604554110832600
1264562031329513500
1265659488524275700
1266074015023673300
1267340418296868900
1268620014652924000
1268693088311992300
1270889688472137700
1271570202258440200
1272176566093611000
1272318244062281700
1272943308927651800
1273337439734521900
1273985913744511000
1274501538220662800
127452333
1274615546118635500
1275361583359832000
1276525846883299300
1277118194663272400
1277510273453240300
1277595330335342600
1281998569743032300
1282459224040247300
1282790377104248800
1282796759031394300
1282822860759806000
1283568413277905000
1284158692254904300
1284729545128542200
1285627159038636000
1287123331
1288142867790274600
1288828473650315300
1288990780309360600
1290693635441332200
1291895091158810600
1293184301270315000
1293365605039509500
1293533059510231000
1295066014917496800
1295499671130054700
1298026176405889000
1298094218343092200
1298262181926977500
1298426507187171300
1299547463070527500
1300680981163241500
1302622871395672000
130496027
1305261779640086500
1307104968713932800
1307144744770957300
1309878274726793200
1310390809234202600
1311705852508868600
1311803219928993800
1311810470186225700
1312183533285322800
1312569129438650400
1312591393525829600
1312818520795775000
1312943534236930000
1313101033116233700
1313122077591974000
1313196113109954600
1313212935293079600
1313536417105154000
1313563604361203700
1313573706652770300
1313687405552038000
1314199752255340500
1314214540586885000
1314244682415837200
1314306479948734500
1315462857748865000
1316271984032927700
1327758026
1345235390
136300373
139576242
1398759560
14256353
1449114272
14529929
146260312
146829554
14881665
1499124246
150078976
15246449
15324851
154491510
158211946
15976705
160238844
16113700
16265853
16531768
166219963
16635864
16906137
170059611
174110843
17874544
17995040
182398325
18266688
1835255983
18479878
18518039
18781212
18831926
1887069948
1895992122
1952084330
1954611157
197496309
19879161
19943471
20072746
20335940
203364941
20378448
21001599
211832266
21266972
21792170
21934966
2196351746
22129280
222575692
226639143
22703339
227516146
228979057
2304030987
230787751
23094875
2346171536
23578274
235844806
238259855
238886822
2400005044
241315546
24245320
2431039942
2439069144
244655353
246103
24830686
25073877
25387735
254196374
25433814
25466022
2556128805
2591138966
2591158853
259353132
259834575
2601679481
2609508788
26260537
2681122818
269852701
27243796
2726583852
2729559189
27413087
2773842067
279432768
2810130269
2832762787
2873839181
288277167
2889419237
2986534753
2991287079
3001397920
300236563
301209831
3048883342
304932002
305468597
306033121
306347378
3063933906
3068655252
30802358
3100772975
316063586
3181204561
3191547630
3223426134
326328222
328700529
3289117296
330001203
3316977828
3408331959
341867144
3439303574
344317825
344997326
346720096
347608112
349344890
360743972
361496956
363606096
363710590
36464041
368343959
37608475
376332913
376427029
380229883
384678464
386693053
38693459
390127278
39155029
39182244
391839956
3931304112
398172747
399363206
402888514
406751527
407396556
40758396
408806531
4125165614
413502727
421895294
422202151
42288718
4258971612
42589787
4312840881
4328580382
44295213
451895295
4520708954
453449447
454090001
460255637
463539011
46777858
4705081039
473326717
474265027
474950375
475957325
476070455
4774867577
4787411118
480436453
4828026072
4854074116
4866790197
493740999
519897737
531479315
532790991
532806258
537600704
538715915
540912385
546983132
55845949
56138219
58209656
58356144
590152667
592197182
593289567
594886554
606400487
61741801
64482065
66284799
69590040
701187565190250500
702666217488826400
703959293616365600
704040465855868900
70449732
706289535383015400
709753824781705200
71464042
716260246109483000
723603674841382900
724747907228819500
734531262589902800
735356901395976200
7380362
742094862288322600
758867770637291500
763612210786603000
764616209107152900
765237275386970100
766051778668400600
768913313036054500
76929810
770997085810417700
774631963927773200
779147600
78523300
792770954
796899745889402900
799712674573451300
801247532529631200
803665193050001400
807445175375110100
807975026
809606919241535500
810633937282302000
814210267542356000
816024147088154600
816491683651031000
816652616625168400
817844039940771800
817861039513542700
818452914834288600
818562000334753800
819583288671174700
819812292325875700
819953887
820354372827758600
823298254435717100
823553613062488000
824795751905685500
829859403436265500
830583587594342400
841636488580325400
844957797892665300
845053430
845799651135541200
852380528
85621606
878981544
882878821057298400
892032110768377900
892348414171762700
894296863339360300
895544360682610700
900548955683029000
900565172766392300
902714076668747800
906159690697945100
908072360934346800
91123499
91386979
914715383101304800
914856982527529000
915024795649032200
915231714724712400
915365571365101600
919912454909562900
922232178
924619272088891400
925870564664803300
927531930601521200
930178296
932576686675284000
934451511114920000
937704163
951625278316601300
952232223100559400
957782843098390500
960310842662121500
974384370478927900
977597205971390500
978732937
978864793477054500
980529884475871200
98118228
984537447525691400
985718192445247500
