1009584729484644400
1011574790044438500
101873360
1026213183768457200
1027916385534521300
1030103437764046800
10323562
1035898004610240500
1040707285218205700
1070522825646063600
1074238095120351200
1078280605375160300
1091009804036907000
1101202791991832600
1116138112147759100
1116370314
1133697476286980100
1159222993932996600
1176531217715515400
1192425871027531800
1209951777740607500
1220121733237301200
1231461024630329300
1238630442770849800
1257386194209554400
1265659488524275700
1266074015023673300
1270889688472137700
1272318244062281700
1273337439734521900
1274615546118635500
1276525846883299300
1282790377104248800
1282822860759806000
1284158692254904300
1284729545128542200
1285627159038636000
1287123331
1288828473650315300
1290693635441332200
1293533059510231000
1295066014917496800
1298026176405889000
1298094218343092200
1298262181926977500
1299547463070527500
1302622871395672000
1307104968713932800
1309878274726793200
1311705852508868600
1312569129438650400
1312591393525829600
1313101033116233700
1313536417105154000
1313563604361203700
1313573706652770300
1313687405552038000
1315462857748865000
1316271984032927700
1327758026
14256353
1449114272
150078976
15246449
154491510
16265853
18266688
1835255983
18479878
18518039
18831926
1895992122
228979057
230787751
24245320
246103
2556128805
2591138966
2591158853
27243796
2726583852
2986534753
300236563
3048883342
306033121
306347378
3063933906
30802358
3191547630
328700529
3316977828
3408331959
341867144
344317825
344997326
361496956
36464041
37608475
386693053
398172747
413502727
421895294
453449447
463539011
474265027
476070455
4774867577
4828026072
4866790197
519897737
531479315
532790991
56138219
590152667
594886554
606400487
706289535383015400
71464042
723603674841382900
742094862288322600
770997085810417700
792770954
796899745889402900
799712674573451300
809606919241535500
814210267542356000
816491683651031000
823553613062488000
824795751905685500
85621606
892348414171762700
91123499
922232178
960310842662121500
977597205971390500
978864793477054500
980529884475871200
98118228
984537447525691400