1009577803304656896
1042233420817092610
1052365299633319936
1087727329613434882
1105588165786718209
1106771843929788419
1120936634466349056
1157303775427584000
1170441023341961217
1171777909201211397
1188426007981821952
1205226529455632385
1223098948207943680
1242318684632145921
1248112622106546176
1249895706091012096
125128723
1261816778256265222
1266870553702477826
15115280
159539543
16338090
1640929196
1685873604
17477864
1866938882
220708915
22213290
2376194748
246103
2478816732
251737337
2573515509
27473343
27943005
2836454576
2938479455
388671668
410717448
42143912
4889857227
491524469
55950311
563736863
65896382
740483180
75063842
755835576
762932101
822751100386365440
827890688394014720
830709308354678784
867440342433493002
880584436848492544
921790602269863936
92261443
93071854
931286316
939164490486173696
954110976076414976
963790885937995777
