1009577803304656896
1026262761733480449
1049470333542125568
1064170489
1064779988346392576
1075887974901006336
1084864280468639744
1089299335
108977933
1092037021432897537
1100549562534674432
1111701057225150465
1153042794375712770
1171684191408250881
1172545640360022019
1213238538847653889
1226277900455940098
1227802040912400384
1237202285203161088
1245564415144914945
1256327882646917120
1259362778537574402
1264891304191889408
127941629
131399165
140582265
16193763
1640929196
164554364
16972715
199016400
204444440
208017118
2172273829
221627263
229320385
25073877
2573515509
26447410
264501955
265189169
2705252332
271891907
27943005
2922345639
2950305164
2965275249
296595412
309260846
31238572
31297596
316115307
317385247
317508621
321774180
348240036
37575922
390304604
401003673
42849821
455684839
471677441
49034507
60354031
617504819
65497475
69435120
700397576
701716663008411649
703071348
705811906032873472
731855934675255297
739585904948477953
762932101
77597579
788360012317851648
80235953
802649176299466752
809974521746911232
821454811954487296
824817300733906944
825540755854757889
87983041
880018682
893316758987128833
900200654341369858
909653728801595392
911290549541289986
921582006
93071854
942241440855343104
948935906
955092431392968704
963790885937995777
984537447525691392
989572137554935808
