108155579
1087965085279154177
110474012
1131933065138171904
1136064139217035264
1142736007567069184
1175047638
1184793455211532288
1223423207497256960
1239599332770398214
1261509906961534977
1270944321018224642
1271961385501630471
1282656749212901378
1301754752909414401
149646624
179732982
2326971321
24090722
2494068648
271365254
30921708
4418506344
44656008
480496989
49034507
594683722
595229362
635773
730344214056284161
788661027936370688
829459965899202560
838603283056984064
876879684272828416
876964144519544832
963790885937995777
